MeshAnim
1
47
48
24
-0.02951753 -0.9971108 -0.06999113 0
0.9976315 -0.02503574 -0.06406695 0
0.06212956 -0.07171646 0.9954882 0
-0.2768983 1.066087 -0.01069737 1

-0.03660142 -0.9967902 -0.07120179 0
0.9989446 -0.03451606 -0.03030026 0
0.0277454 -0.07223568 0.9970016 0
-0.2742404 1.155871 -0.004395081 1

0.9975221 -0.02852433 -0.06431144 0
0.03305973 0.9969569 0.07059691 0
0.06210201 -0.07254811 0.9954296 0
-0.277837 1.037781 -0.01270182 1

-0.0560589 -0.995582 -0.07532454 0
0.9984044 -0.05641044 0.002547138 0
-0.006784963 -0.07506158 0.9971558 0
-0.2709447 1.245626 0.00201623 1

0.1950425 0.9655198 -0.1724235 0
-0.9795025 0.1827304 -0.08476051 0
-0.05033088 0.1854211 0.9813694 0
-0.462537 1.00936 0.04274104 1

-0.153367 0.8191234 -0.5527346 0
-0.985498 -0.08568541 0.1464645 0
0.07261127 0.5671816 0.8203858 0
-0.08946918 0.9986923 0.01868891 1

-0.06239344 -0.9951258 -0.07636487 0
0.9972028 -0.06531274 0.03634629 0
-0.04115672 -0.07388349 0.9964173 0
-0.2664424 1.325585 0.008065814 1

0.1950425 0.9655198 -0.1724235 0
-0.9677846 0.1609188 -0.1936438 0
-0.1592207 0.2046376 0.9658014 0
-0.5034028 0.8070618 0.0788677 1

-0.153367 0.8191234 -0.5527346 0
-0.9820778 -0.06433373 0.1771575 0
0.1095545 0.5699984 0.8143094 0
-0.05733529 0.8270673 0.1344994 1

-0.0580506 -0.9952943 -0.077585 0
0.9954548 -0.06358629 0.07089546 0
-0.07549518 -0.07311687 0.994462 0
-0.2614314 1.405507 0.01419894 1

0.06975123 0.9103543 0.4079091 0
-0.9677846 0.1609188 -0.1936438 0
-0.2419247 -0.3812613 0.8922514 0
-0.5442686 0.6047634 0.1149943 1

-0.01750269 0.9670099 0.2541369 0
-0.9820778 -0.06433373 0.1771575 0
0.1876627 -0.2464816 0.9508047 0
-0.02520138 0.6554422 0.2503099 1

-0.01180628 -0.821095 -0.5706696 0
0.9954548 -0.06358629 0.07089546 0
-0.0944987 -0.5672387 0.8181139 0
-0.2448032 1.742073 0.08258689 1

0.9615134 -0.2495006 -0.1150705 0
0.2602082 0.9613693 0.08978336 0
0.08822427 -0.1162702 0.9892914 0
-0.4186659 1.58505 0.01546314 1

0.9985781 -0.01621081 0.05078549 0
-0.01429996 -0.9991841 -0.0377739 0
0.05135638 0.03699397 -0.9979952 0
-0.08449809 1.563705 0.03926228 1

0.06975123 0.9103543 0.4079091 0
-0.9677846 0.1609188 -0.1936438 0
-0.2419247 -0.3812613 0.8922514 0
-0.5632324 0.3572597 0.004093578 1

-0.01750269 0.9670099 0.2541369 0
-0.9820778 -0.06433373 0.1771575 0
0.1876627 -0.2464816 0.9508047 0
-0.02044278 0.3925354 0.1812161 1

-0.04224546 -0.9990399 -0.01160569 0
0.9939825 -0.0408508 -0.1016364 0
0.1010647 -0.01582954 0.9947539 0
-0.2438642 1.807375 0.1279725 1

0.6731947 0.6968833 0.2473104 0
-0.7343895 0.6691925 0.1133721 0
-0.08649112 -0.2579437 0.9622808 0
-0.5653774 1.62312 0.03302106 1

0.4922974 -0.798843 0.3456779 0
-0.857164 -0.5139905 0.03292686 0
0.1513716 -0.3125122 -0.9377757 0
0.06786892 1.561231 0.04701135 1

0.1877365 0.4133979 -0.8909867 0
-0.9785143 -2.980232E-08 -0.2061791 0
-0.08523395 0.9105504 0.4045158 0
-0.582196 0.1097562 -0.1068072 1

-0.136128 0.5212836 -0.8424563 0
-0.9871956 -7.450581E-09 0.1595155 0
0.08315287 0.8533837 0.5146087 0
-0.01568428 0.1296284 0.1121223 1

0.6731947 0.6968833 0.2473104 0
-0.739436 0.6314335 0.2335082 0
0.00656791 -0.3400668 0.9403783 0
-0.6642168 1.520803 -0.003289379 1

0.4922974 -0.798843 0.3456779 0
-0.8622225 -0.5019516 0.06795189 0
0.1192305 -0.3315037 -0.93589 0
0.1401487 1.443944 0.09776422 1

0.2061789 3.427267E-07 -0.9785141 0
-0.9785143 -5.587935E-08 -0.2061789 0
-2.980232E-08 0.9999999 3.054738E-07 0
-0.6167767 0.03360939 0.05731048 1

-0.1595156 2.235174E-08 -0.9871954 0
-0.9871956 -7.450581E-09 0.1595155 0
3.539026E-08 1 -4.470348E-08 0
0.009390205 0.03360915 0.2673009 1

0.0773427 0.582316 -0.8092751 0
-0.7327373 0.5836446 0.3499352 0
0.6761022 0.5659213 0.4718254 0
-0.7630562 1.418485 -0.0395998 1

0.004879556 0.1975176 0.9802876 0
-0.8660761 -0.4892116 0.1028819 0
0.4998884 -0.8495052 0.1686782 0
0.2124285 1.326657 0.1485171 1

0.0773427 0.582316 -0.8092751 0
-0.907182 0.3778079 0.185153 0
0.4135681 0.7198399 0.5574875 0
-0.7725916 1.346692 0.06017487 1

0.004879556 0.1975176 0.9802876 0
-0.9727213 -0.226422 0.05046348 0
0.2319256 -0.9537925 0.1910248 0
0.21303 1.351009 0.2693757 1

0.1946738 0.3727294 -0.90729 0
-0.9709508 0.2044299 -0.1243502 0
0.1391283 0.9051417 0.401699 0
-0.7821271 1.274899 0.1599496 1

0.1582214 0.398733 0.9033155 0
-0.9867096 0.09814373 0.1295066 0
-0.03701654 -0.9118006 0.4089622 0
0.2136316 1.37536 0.3902344 1

-0.05085292 0.5776461 -0.8147018 0
-0.9945002 0.04549874 0.09433571 0
0.09156083 0.8150183 0.5721554 0
-0.8568321 1.233083 0.2365112 1

-0.4018617 0.4547716 -0.7947893 0
0.01631632 0.8713763 0.4903443 0
0.9155549 0.1840828 -0.3575928 0
-0.7770925 1.299665 0.2848774 1

0.7041995 0.01056405 -0.709924 0
0.7090165 -0.06313512 0.7023603 0
-0.03740179 -0.9979492 -0.05194982 0
0.2824841 1.39378 0.4802961 1

0.9094013 -0.1272337 -0.3959815 0
-0.203095 0.6949956 -0.6897345 0
0.3629629 0.7076672 0.6061894 0
0.2175071 1.484827 0.4554093 1

0.07136311 0.06350434 0.9954272 0
-0.01204581 0.9979535 -0.06280197 0
-0.9973778 -0.007509388 0.071982 0
0.1942334 1.436069 0.6404208 1

-0.9336014 0.2809948 -0.2223293 0
-0.3265874 -0.412054 0.8506188 0
0.147408 0.8667489 0.4764634 0
-0.8532774 1.192706 0.2934589 1

-0.2341645 0.9635478 -0.1293948 0
0.314794 0.2010722 0.9276178 0
0.9198215 0.1764827 -0.350403 0
-0.7485591 1.267375 0.3413098 1

0.4268805 -0.03142294 -0.903762 0
0.9033367 -0.03148919 0.4277751 0
-0.04190104 -0.9990101 0.0149433 0
0.2322804 1.393027 0.5309078 1

0.3838924 0.4708241 -0.7943251 0
-0.8450304 0.5259065 -0.09667477 0
0.3722241 0.7083415 0.5997522 0
0.1529367 1.493861 0.4835251 1

0.07136311 0.06350434 0.9954272 0
-0.01204581 0.9979535 -0.06280197 0
-0.9973778 -0.007509388 0.071982 0
0.1942334 1.436069 0.6404208 1

-0.9383431 -0.02975003 0.3444228 0
0.3127027 -0.4978568 0.8089225 0
0.147408 0.8667489 0.4764634 0
-0.8012109 1.177035 0.3058581 1

-0.1958865 0.9806255 0.001548827 0
0.3456087 0.0675595 0.9359435 0
0.9177053 0.1838743 -0.3521466 0
-0.7410177 1.236344 0.345477 1

0.9949738 -0.04308352 -0.0903952 0
0.09094956 0.01108065 0.9957943 0
-0.04190104 -0.9990101 0.0149433 0
0.2084734 1.394779 0.5813103 1

0.2315714 0.561589 -0.794351 0
-0.9003122 0.4330457 0.04369273 0
0.3685277 0.7050457 0.6058866 0
0.1405733 1.478698 0.5091068 1

-0.2137093 -0.4424354 0.8709649 0
0.9657116 -0.2302115 0.1200138 0
0.147408 0.8667489 0.4764634 0
-0.7603809 1.178329 0.2908713 1

0.2477853 0.004098952 0.9688069 0
-0.9679087 0.04429635 0.2473683 0
-0.04190104 -0.9990101 0.0149433 0
0.1651793 1.396654 0.5852437 1

-0.02952206 -0.9971056 -0.07006374 0
0.9976315 -0.02503586 -0.06406669 0
0.06212715 -0.07178918 0.995483 0
-0.2769865 1.065923 -0.01062985 1

-0.03660594 -0.9967848 -0.07127438 0
0.9989446 -0.03451864 -0.03030069 0
0.02774298 -0.07230835 0.9969964 0
-0.2743283 1.155707 -0.004321022 1

0.9975221 -0.02852443 -0.06431144 0
0.03306426 0.9969516 0.07066952 0
0.06209959 -0.07262082 0.9954244 0
-0.2779253 1.037617 -0.01263636 1

-0.05606341 -0.9955763 -0.0753971 0
0.9984041 -0.05641541 0.00254511 0
-0.006787394 -0.07513408 0.9971503 0
-0.2710321 1.245461 0.002096825 1

0.1950929 0.9654082 -0.1729911 0
-0.9794978 0.1827491 -0.0847763 0
-0.05022977 0.1859836 0.9812681 0
-0.4626256 1.009193 0.04280405 1

-0.1534977 0.8188389 -0.5531198 0
-0.9854869 -0.08579338 0.1464762 0
0.07248637 0.5675761 0.8201238 0
-0.08955777 0.9985254 0.01875192 1

-0.06239795 -0.99512 -0.0764374 0
0.9972024 -0.06532016 0.03634361 0
-0.04115915 -0.07395577 0.9964118 0
-0.2665294 1.32542 0.008152237 1

0.1950929 0.9654082 -0.1729911 0
-0.9677913 0.1608747 -0.1936482 0
-0.1591197 0.2051986 0.9656989 0
-0.503502 0.8069184 0.0790496 1

-0.1534977 0.8188389 -0.5531198 0
-0.9820712 -0.06442679 0.1771594 0
0.1094293 0.5703965 0.8140472 0
-0.0573965 0.82696 0.1346431 1

-0.05803118 -0.9952651 -0.07797263 0
0.9954544 -0.06359624 0.07089311 0
-0.0755162 -0.07350419 0.9944317 0
-0.2615181 1.405341 0.01429119 1

0.06956302 0.9101294 0.4084431 0
-0.9677913 0.1608747 -0.1936482 0
-0.2419531 -0.3818169 0.892006 0
-0.5443783 0.6046434 0.1152952 1

-0.01751664 0.9669067 0.2545287 0
-0.9820712 -0.06442679 0.1771594 0
0.1876951 -0.2468622 0.9506995 0
-0.02523524 0.6553946 0.2505343 1

-0.01177889 -0.8208737 -0.5709884 0
0.9954544 -0.06359624 0.07089311 0
-0.09450699 -0.5675579 0.8178914 0
-0.2448974 1.741881 0.08281014 1

0.961367 -0.2494951 -0.1162993 0
0.2603825 0.9612853 0.09017495 0
0.08929867 -0.1169736 0.9891121 0
-0.4187558 1.584881 0.01562155 1

0.9985772 -0.0162129 0.0508016 0
-0.01428136 -0.9991696 -0.03816206 0
0.05137813 0.03738224 -0.9979795 0
-0.08458811 1.563532 0.0394199 1

0.06956302 0.9101294 0.4084431 0
-0.9677913 0.1608747 -0.1936482 0
-0.2419531 -0.3818169 0.892006 0
-0.5632908 0.3572009 0.004249265 1

-0.01751664 0.9669067 0.2545287 0
-0.9820712 -0.06442679 0.1771594 0
0.1876951 -0.2468622 0.9506995 0
-0.02047288 0.3925158 0.1813341 1

-0.04283257 -0.9990118 -0.0118762 0
0.9939587 -0.04140758 -0.1016447 0
0.1010525 -0.01615804 0.9947498 0
-0.2439606 1.807166 0.1282211 1

0.6735598 0.6966714 0.2469135 0
-0.7340778 0.6695258 0.1134238 0
-0.08629591 -0.2576515 0.9623766 0
-0.5654449 1.62295 0.03336697 1

0.4924394 -0.7989663 0.3451906 0
-0.85712 -0.5140654 0.03290569 0
0.1511599 -0.3120736 -0.9379559 0
0.06777883 1.561059 0.04717141 1

0.1877394 0.4134224 -0.8909747 0
-0.9785126 -6.638467E-06 -0.2061878 0
-0.08524859 0.9105396 0.4045377 0
-0.5822034 0.1097586 -0.1067967 1

-0.1361352 0.521314 -0.8424363 0
-0.9871926 1.168996E-05 0.1595345 0
0.08317736 0.8533649 0.5146356 0
-0.0157105 0.129637 0.1121338 1

0.6735598 0.6966714 0.2469135 0
-0.7391052 0.6319581 0.2331364 0
0.00638048 -0.3395264 0.9405748 0
-0.6643379 1.520664 -0.002885204 1

0.4924394 -0.7989663 0.3451906 0
-0.8621802 -0.5020167 0.06801219 0
0.1189518 -0.3311081 -0.9360653 0
0.1400793 1.443753 0.09785273 1

0.2061876 2.724305E-05 -0.9785125 0
-0.9785127 -6.664544E-06 -0.2061876 0
-1.217611E-05 1 2.527237E-05 0
-0.6167845 0.03360724 0.05731876 1

-0.1595345 3.571063E-05 -0.9871922 0
-0.9871926 1.168996E-05 0.1595345 0
1.716428E-05 1 3.334135E-05 0
0.009365261 0.03361225 0.2673086 1

0.07780667 0.5813966 -0.8098913 0
-0.7324764 0.5844281 0.349174 0
0.6763318 0.5660582 0.4713316 0
-0.7632308 1.418378 -0.03913737 1

0.005144323 0.1973705 0.9803157 0
-0.8660322 -0.4892546 0.103048 0
0.4999623 -0.8495148 0.1684122 0
0.2123799 1.326448 0.1485341 1

0.07780667 0.5813966 -0.8098913 0
-0.9070059 0.3785094 0.1845839 0
0.413868 0.7202145 0.5567806 0
-0.7728236 1.346698 0.06071332 1

0.005144323 0.1973705 0.9803157 0
-0.9727685 -0.22618 0.05064231 0
0.2317227 -0.9538805 0.1908323 0
0.2130142 1.350782 0.2693962 1

0.1935412 0.3723831 -0.9076741 0
-0.9711096 0.204355 -0.1232286 0
0.1395996 0.9053012 0.401176 0
-0.7824162 1.275018 0.160564 1

0.1585935 0.3989611 0.9031495 0
-0.9866335 0.0987419 0.1296345 0
-0.03745978 -0.9116363 0.4092881 0
0.2136484 1.375115 0.3902583 1

-0.05187662 0.5773292 -0.814862 0
-0.9943841 0.04550803 0.09554785 0
0.09224533 0.8152425 0.571726 0
-0.8570254 1.23323 0.2372341 1

-0.402857 0.4544527 -0.7944677 0
0.01689802 0.8715667 0.4899862 0
0.915107 0.1839694 -0.3587959 0
-0.7772279 1.299833 0.2854758 1

0.7040885 0.009920461 -0.7100434 0
0.7090967 -0.06328604 0.7022658 0
-0.03796935 -0.9979464 -0.0515936 0
0.2825263 1.393528 0.4803022 1

0.9092649 -0.127882 -0.3960864 0
-0.2028195 0.6948676 -0.689945 0
0.3634592 0.7076765 0.6058816 0
0.2175958 1.484602 0.4553941 1

0.07156257 0.06381338 0.9953931 0
-0.01149718 0.9979381 -0.06314999 0
-0.9973702 -0.006925249 0.07214867 0
0.1943255 1.435922 0.6404266 1

-0.9338835 0.280883 -0.2212835 0
-0.3255238 -0.4117333 0.8511816 0
0.1479726 0.8669376 0.4759449 0
-0.8533992 1.192875 0.2941929 1

-0.2343516 0.9634912 -0.1294783 0
0.3159353 0.2014403 0.9271499 0
0.9193827 0.1763723 -0.3516085 0
-0.7486238 1.267566 0.3418855 1

0.4267142 -0.03197905 -0.9038212 0
0.9033895 -0.03184531 0.4276374 0
-0.04245813 -0.9989815 0.01530066 0
0.2323303 1.392821 0.5309225 1

0.3840253 0.4703305 -0.7945535 0
-0.8447516 0.526346 -0.09672029 0
0.3727194 0.7083431 0.5994425 0
0.1530353 1.493682 0.4835174 1

0.07156257 0.06381338 0.9953931 0
-0.01149718 0.9979381 -0.06314999 0
-0.9973702 -0.006925249 0.07214867 0
0.1943255 1.435922 0.6404266 1

-0.9379156 -0.02964245 0.3455945 0
0.3137169 -0.4975347 0.8087277 0
0.1479726 0.8669376 0.4759449 0
-0.8013169 1.17721 0.3065337 1

-0.1959121 0.9806206 0.001411319 0
0.346764 0.06793163 0.9354892 0
0.9172641 0.1837629 -0.3533523 0
-0.7410764 1.236536 0.3460554 1

0.9949346 -0.04367273 -0.09054376 0
0.09111973 0.01137888 0.9957752 0
-0.04245813 -0.9989815 0.01530066 0
0.2085326 1.394604 0.5813283 1

0.231755 0.5611805 -0.794586 0
-0.9000628 0.4335654 0.04368887 0
0.3690223 0.7050517 0.6055785 0
0.1406675 1.478535 0.5091066 1

-0.2126196 -0.4421039 0.8713996 0
0.965866 -0.2301385 0.1189087 0
0.1479726 0.8669376 0.4759449 0
-0.7605054 1.1785 0.291496 1

0.2479472 0.004299834 0.9687645 0
-0.9678431 0.0449254 0.2475119 0
-0.04245813 -0.9989815 0.01530066 0
0.1652402 1.396505 0.5852683 1

-0.02952731 -0.9970999 -0.07014428 0
0.9976317 -0.0250361 -0.06406642 0
0.06212449 -0.07186984 0.9954774 0
-0.2771454 1.065625 -0.01050825 1

-0.03661118 -0.996779 -0.07135491 0
0.9989446 -0.03452161 -0.03030118 0
0.02774031 -0.07238895 0.9969907 0
-0.2744866 1.155408 -0.004192171 1

0.9975222 -0.02852465 -0.06431144 0
0.0330695 0.9969459 0.07075005 0
0.06209692 -0.07270148 0.9954187 0
-0.2780843 1.037319 -0.01251705 1

-0.05606864 -0.99557 -0.07547758 0
0.9984039 -0.05642103 0.002542856 0
-0.006790092 -0.07521451 0.9971443 0
-0.27119 1.245162 0.002232929 1

0.195194 0.9651997 -0.1740374 0
-0.9794871 0.1827911 -0.08480991 0
-0.05004596 0.1870218 0.9810802 0
-0.4627849 1.008892 0.04292064 1

-0.1537225 0.8183029 -0.5538503 0
-0.985468 -0.08596902 0.1465012 0
0.07226846 0.5683223 0.8196263 0
-0.08971705 0.998224 0.01886851 1

-0.06240318 -0.9951136 -0.07651785 0
0.997202 -0.06532851 0.03634063 0
-0.04116183 -0.07403596 0.9964058 0
-0.2666869 1.32512 0.008294802 1

0.195194 0.9651997 -0.1740374 0
-0.9678011 0.1608007 -0.1936606 0
-0.1589358 0.206235 0.9655084 0
-0.5036825 0.8066608 0.07938544 1

-0.1537225 0.8183029 -0.5538503 0
-0.9820605 -0.06457431 0.1771657 0
0.1092108 0.5711488 0.8135492 0
-0.05750868 0.8267709 0.1349128 1

-0.05799728 -0.9952204 -0.07856805 0
0.995454 -0.06360739 0.07089063 0
-0.07554929 -0.07409939 0.994385 0
-0.2616751 1.405041 0.01444022 1

0.06922603 0.9097204 0.4094101 0
-0.9678011 0.1608007 -0.1936606 0
-0.2420105 -0.3828211 0.8915599 0
-0.54458 0.6044294 0.1158503 1

-0.01751769 0.9667165 0.2552503 0
-0.9820605 -0.06457431 0.1771657 0
0.1877518 -0.2475677 0.950505 0
-0.02530029 0.6553178 0.250957 1

-0.01173289 -0.8205335 -0.5714781 0
0.995454 -0.06360739 0.07089063 0
-0.09451836 -0.5680485 0.8175496 0
-0.2450674 1.741541 0.0831604 1

0.9611265 -0.2494991 -0.1182643 0
0.2606753 0.961149 0.090781 0
0.09101982 -0.1180806 0.9888238 0
-0.4189186 1.584575 0.01587202 1

0.9985762 -0.01621197 0.05082749 0
-0.01424874 -0.9991473 -0.03875825 0
0.05141247 0.03797881 -0.9979553 0
-0.08475105 1.563223 0.03966954 1

0.06922603 0.9097204 0.4094101 0
-0.9678011 0.1608007 -0.1936606 0
-0.2420105 -0.3828211 0.8915599 0
-0.5634009 0.3570981 0.004541393 1

-0.01751769 0.9667165 0.2552503 0
-0.9820605 -0.06457431 0.1771657 0
0.1877518 -0.2475677 0.950505 0
-0.02053764 0.3924907 0.1815605 1

-0.04375305 -0.9989676 -0.01224203 0
0.9939209 -0.04228631 -0.1016519 0
0.1010293 -0.01661514 0.9947448 0
-0.2441343 1.806798 0.1286103 1

0.674258 0.6962939 0.2460715 0
-0.7334802 0.6701784 0.1134375 0
-0.08592596 -0.2569747 0.9625906 0
-0.565571 1.622645 0.03391726 1

0.4926958 -0.7991595 0.3443767 0
-0.8570408 -0.5141972 0.03291479 0
0.1507732 -0.3113617 -0.9382547 0
0.06761569 1.560749 0.047425 1

0.1877496 0.4134932 -0.89094 0
-0.9785069 -2.674013E-05 -0.2062151 0
-0.08529231 0.9105074 0.4046007 0
-0.5822217 0.109767 -0.1067675 1

-0.1361467 0.5214028 -0.8423797 0
-0.9871869 3.175996E-05 0.1595701 0
0.0832271 0.853311 0.5147175 0
-0.015775 0.1296636 0.1121641 1

0.674258 0.6962939 0.2460715 0
-0.7384713 0.6329724 0.2323932 0
0.006057509 -0.3384097 0.9409794 0
-0.6645664 1.520414 -0.002211288 1

0.4926958 -0.7991595 0.3443767 0
-0.8620994 -0.5021388 0.06813458 0
0.1184744 -0.3304565 -0.9363562 0
0.139954 1.443416 0.09798684 1

0.2062149 0.0001048781 -0.9785069 0
-0.9785069 -2.676994E-05 -0.2062149 0
-4.77992E-05 1 9.708107E-05 0
-0.6168048 0.03360248 0.05734158 1

-0.1595702 0.0001396313 -0.9871866 0
-0.9871869 3.175996E-05 0.1595701 0
5.361252E-05 1 0.0001327693 0
0.009302884 0.0336225 0.2673284 1

0.07864277 0.5796102 -0.8110902 0
-0.7319627 0.5859268 0.3477362 0
0.676791 0.5663407 0.4703319 0
-0.763562 1.418184 -0.03833982 1

0.00559974 0.1971542 0.9803569 0
-0.8659487 -0.489338 0.1033542 0
0.5001022 -0.849517 0.1679852 0
0.2122922 1.326082 0.1485486 1

0.07864277 0.5796102 -0.8110902 0
-0.9066616 0.3798448 0.1835301 0
0.4144644 0.720951 0.555382 0
-0.7732579 1.346724 0.06165863 1

0.00559974 0.1971542 0.9803569 0
-0.9728194 -0.2258844 0.05098297 0
0.2314984 -0.9539953 0.1905305 0
0.2129825 1.350389 0.2694158 1

0.1917191 0.3714894 -0.9084269 0
-0.9713403 0.2043308 -0.1214382 0
0.1405066 0.9056738 0.4000167 0
-0.7829535 1.275264 0.1616571 1

0.1592025 0.3993692 0.9028619 0
-0.9865127 0.09959953 0.1298961 0
-0.03804849 -0.9113643 0.4098392 0
0.213673 1.374696 0.390283 1

-0.05348882 0.5765486 -0.8153102 0
-0.9941822 0.04569697 0.09753843 0
0.0934927 0.8157842 0.57075 0
-0.8574095 1.233557 0.2385199 1

-0.4044385 0.4537261 -0.7940794 0
0.01798377 0.8720368 0.4891102 0
0.9143887 0.1835344 -0.3608448 0
-0.7775071 1.300199 0.2865342 1

0.7038653 0.008943487 -0.7102774 0
0.7092748 -0.06343228 0.702073 0
-0.03877579 -0.9979463 -0.05099122 0
0.2825944 1.393107 0.4802938 1

0.9090346 -0.1288359 -0.3963056 0
-0.2024935 0.6946198 -0.6902899 0
0.364216 0.7077467 0.6053449 0
0.2177283 1.484218 0.4553528 1

0.07193638 0.06434511 0.995332 0
-0.01072787 0.9979094 -0.06373637 0
-0.9973519 -0.00609309 0.07247625 0
0.1944794 1.435666 0.6404218 1

-0.9343077 0.2807606 -0.2196427 0
-0.3238206 -0.4108811 0.8522423 0
0.1490291 0.8673815 0.4748053 0
-0.8536707 1.193257 0.2955101 1

-0.2345241 0.9633888 -0.1299272 0
0.317851 0.2023029 0.9263069 0
0.9186781 0.1759437 -0.3536588 0
-0.7487907 1.267983 0.3429162 1

0.4263952 -0.03285102 -0.9039406 0
0.903503 -0.0323076 0.4273631 0
-0.04324375 -0.9989383 0.01590515 0
0.2324145 1.39247 0.5309306 1

0.3841393 0.4695566 -0.7949557 0
-0.8443664 0.5269574 -0.09675746 0
0.3734746 0.708402 0.5989025 0
0.1531841 1.493366 0.4834917 1

0.07193638 0.06434511 0.995332 0
-0.01072787 0.9979094 -0.06373637 0
-0.9973519 -0.00609309 0.07247625 0
0.1944794 1.435666 0.6404218 1

-0.9372096 -0.02921785 0.3475414 0
0.3153237 -0.4967858 0.8085635 0
0.1490291 0.8673815 0.4748053 0
-0.8015647 1.177599 0.3077595 1

-0.1958153 0.9806407 0.0008669943 0
0.348684 0.06879926 0.9347117 0
0.9165567 0.183333 -0.3554054 0
-0.7412377 1.236957 0.3471005 1

0.9948705 -0.04451383 -0.09084059 0
0.09145214 0.01189536 0.9957388 0
-0.04324375 -0.9989383 0.01590515 0
0.2086347 1.394302 0.5813431 1

0.2319411 0.5605273 -0.7949929 0
-0.8997052 0.4343036 0.04372436 0
0.369777 0.7051172 0.6050419 0
0.1408126 1.478244 0.5090938 1

-0.2108783 -0.4412431 0.8722585 0
0.9660856 -0.230118 0.1171538 0
0.1490291 0.8673815 0.4748053 0
-0.760784 1.17887 0.2926371 1

0.2482651 0.004676156 0.9686813 0
-0.9677269 0.04583781 0.2477991 0
-0.04324375 -0.9989383 0.01590515 0
0.165345 1.396239 0.5852959 1

-0.02953255 -0.9970935 -0.07023196 0
0.9976316 -0.02503598 -0.0640661 0
0.06212157 -0.07195765 0.9954712 0
-0.2773657 1.065206 -0.01033964 1

-0.03661643 -0.9967725 -0.07144258 0
0.9989444 -0.03452446 -0.03030169 0
0.02773738 -0.0724767 0.9969844 0
-0.2747064 1.154988 -0.004015658 1

0.9975221 -0.0285245 -0.06431143 0
0.03307474 0.9969394 0.07083773 0
0.062094 -0.07278928 0.9954125 0
-0.2783048 1.0369 -0.01235092 1

-0.05607386 -0.995563 -0.07556518 0
0.9984035 -0.05642676 0.002540412 0
-0.006793029 -0.07530209 0.9971377 0
-0.2714093 1.244742 0.002417335 1

0.1953408 0.964901 -0.1755228 0
-0.9794711 0.1828539 -0.0848599 0
-0.04978638 0.1884961 0.9808111 0
-0.4630056 1.008469 0.0430838 1

-0.1540334 0.817535 -0.5548968 0
-0.9854416 -0.08620695 0.1465383 0
0.07196423 0.5693902 0.8189114 0
-0.08993776 0.9978009 0.01903168 1

-0.06240839 -0.9951065 -0.07660544 0
0.9972015 -0.0653372 0.03633741 0
-0.04116476 -0.07412328 0.9963991 0
-0.2669058 1.324699 0.008486245 1

0.1953408 0.964901 -0.1755228 0
-0.9678141 0.1606988 -0.1936804 0
-0.1586761 0.2077072 0.9652355 0
-0.5039339 0.8063002 0.07985981 1

-0.1540334 0.817535 -0.5548968 0
-0.9820455 -0.06477197 0.177176 0
0.1089058 0.5722249 0.8128333 0
-0.05766428 0.8265087 0.1352952 1

-0.05794934 -0.9951607 -0.07935476 0
0.9954535 -0.06361915 0.07088805 0
-0.07559349 -0.07488604 0.9943228 0
-0.2618936 1.404619 0.0146387 1

0.0687519 0.9091417 0.4107735 0
-0.9678141 0.1606988 -0.1936804 0
-0.2420936 -0.3842365 0.8909282 0
-0.5448623 0.6041314 0.1166359 1

-0.01750755 0.9664461 0.2562729 0
-0.9820455 -0.06477197 0.177176 0
0.1878303 -0.2485698 0.9502279 0
-0.0253908 0.6552165 0.2515587 1

-0.01166918 -0.8200836 -0.5721248 0
0.9954535 -0.06361915 0.07088805 0
-0.09453217 -0.5686964 0.8170974 0
-0.2453041 1.741065 0.08362472 1

0.9608017 -0.2495164 -0.1208378 0
0.2610766 0.9609638 0.09158339 0
0.09326916 -0.1195414 0.9884385 0
-0.419145 1.584146 0.01620441 1

0.9985743 -0.01620779 0.05086241 0
-0.01420255 -0.9991171 -0.03954599 0
0.05145845 0.0387672 -0.9979227 0
-0.08497778 1.562789 0.04000107 1

0.0687519 0.9091417 0.4107735 0
-0.9678141 0.1606988 -0.1936804 0
-0.2420936 -0.3842365 0.8909282 0
-0.5635543 0.3569576 0.004956309 1

-0.01750755 0.9664461 0.2562729 0
-0.9820455 -0.06477197 0.177176 0
0.1878303 -0.2485698 0.9502279 0
-0.02063087 0.392463 0.1818843 1

-0.04494989 -0.9989092 -0.01266137 0
0.9938707 -0.04343472 -0.1016585 0
0.1009976 -0.01715322 0.9947388 0
-0.244376 1.806287 0.1291261 1

0.6752551 0.6957666 0.2448256 0
-0.7326244 0.6711168 0.113419 0
-0.08539346 -0.255952 0.9629104 0
-0.565748 1.622218 0.03464231 1

0.4930576 -0.7994152 0.3432637 0
-0.8569287 -0.5143812 0.03295134 0
0.1502265 -0.3103993 -0.9386612 0
0.06738868 1.560316 0.04776186 1

0.187766 0.4136061 -0.8908839 0
-0.9784976 -5.964562E-05 -0.2062594 0
-0.0853634 0.9104561 0.4047012 0
-0.5822463 0.1097836 -0.1067232 1

-0.1361621 0.5215436 -0.8422899 0
-0.9871785 5.923398E-05 0.159621 0
0.0832992 0.8532248 0.5148484 0
-0.01587099 0.1297094 0.1122098 1

0.6752551 0.6957666 0.2448256 0
-0.7375628 0.634426 0.2313113 0
0.005614921 -0.3367685 0.9415709 0
-0.6648898 1.520064 -0.001303306 1

0.4930576 -0.7994152 0.3432637 0
-0.8619826 -0.5023141 0.06831369 0
0.1178151 -0.3295699 -0.9367519 0
0.1397801 1.442945 0.09816028 1

0.2062593 0.0002289452 -0.9784973 0
-0.9784977 -5.969033E-05 -0.2062593 0
-0.0001057461 1 0.000211753 0
-0.6168324 0.03359842 0.05737549 1

-0.159621 0.000304848 -0.9871783 0
-0.9871785 5.923398E-05 0.159621 0
0.0001070928 1 0.0002912879 0
0.009209782 0.03364229 0.2673576 1

0.07981091 0.577029 -0.8128145 0
-0.7312198 0.5880678 0.3456788 0
0.6774566 0.5667574 0.4688694 0
-0.7640318 1.417911 -0.03724891 1

0.006229463 0.1968748 0.980409 0
-0.8658278 -0.4894593 0.1037892 0
0.5003036 -0.8495117 0.1674106 0
0.2121714 1.325574 0.1485587 1

0.07981091 0.577029 -0.8128145 0
-0.9061634 0.3817488 0.1820322 0
0.4153288 0.7220149 0.5533503 0
-0.7738714 1.34677 0.06296213 1

0.006229463 0.1968748 0.980409 0
-0.9728721 -0.2255461 0.05147318 0
0.231261 -0.9541329 0.190129 0
0.2129394 1.349846 0.2694323 1

0.1893538 0.3700529 -0.9095085 0
-0.9716156 0.2043818 -0.119127 0
0.1418036 0.9062501 0.3982496 0
-0.7837113 1.275628 0.1631732 1

0.1600221 0.3999229 0.9024717 0
-0.9863525 0.1006743 0.1302824 0
-0.03875298 -0.9110031 0.4105751 0
0.2137074 1.374119 0.3903059 1

-0.05555254 0.5753139 -0.8160439 0
-0.993904 0.04608852 0.1001529 0
0.09522956 0.8166333 0.5692464 0
-0.8579695 1.234057 0.2403006 1

-0.4064729 0.4526097 -0.7936774 0
0.01951377 0.8727794 0.4877251 0
0.9134545 0.1827593 -0.3635933 0
-0.7779217 1.300753 0.2879968 1

0.7035385 0.007690199 -0.7106158 0
0.7095428 -0.06357846 0.7017884 0
-0.0397832 -0.9979474 -0.0501865 0
0.2826895 1.392533 0.4802695 1

0.9087197 -0.130044 -0.3966323 0
-0.2021348 0.6942751 -0.6907415 0
0.3651988 0.7078635 0.6046152 0
0.2179014 1.483688 0.4552874 1

0.07246957 0.06505794 0.9952468 0
-0.009774609 0.9978688 -0.06451759 0
-0.9973229 -0.005052814 0.07295101 0
0.194692 1.435305 0.6404055 1

-0.9348301 0.2806523 -0.217548 0
-0.321616 -0.4094983 0.8537415 0
0.1505187 0.8680701 0.4730735 0
-0.8540863 1.193843 0.2973421 1

-0.2346432 0.9632462 -0.1307672 0
0.3204002 0.2036417 0.9251344 0
0.9177617 0.1751786 -0.3564073 0
-0.7490609 1.268616 0.3443502 1

0.4259357 -0.03398319 -0.9041151 0
0.9036722 -0.03286181 0.4269626 0
-0.04422059 -0.9988822 0.01671266 0
0.2325329 1.391985 0.5309307 1

0.3842265 0.4685514 -0.7955064 0
-0.8438922 0.527713 -0.09677471 0
0.3744552 0.7085049 0.598168 0
0.1533794 1.492922 0.4834496 1

0.07246957 0.06505794 0.9952468 0
-0.009774609 0.9978688 -0.06451759 0
-0.9973229 -0.005052814 0.07295101 0
0.194692 1.435305 0.6404055 1

-0.9362741 -0.02845784 0.3501154 0
0.3173872 -0.4956254 0.808468 0
0.1505187 0.8680701 0.4730735 0
-0.8019512 1.178191 0.3094746 1

-0.195577 0.9806886 -0.0001045987 0
0.3512237 0.07014367 0.9336603 0
0.9156373 0.1825658 -0.3581596 0
-0.7415041 1.237594 0.3485618 1

0.9947829 -0.04556601 -0.09127433 0
0.09193383 0.01258932 0.9956858 0
-0.04422059 -0.9988822 0.01671266 0
0.2087787 1.39388 0.5813528 1

0.2321178 0.5596719 -0.7955434 0
-0.8992556 0.4352245 0.04380615 0
0.3707572 0.7052286 0.6043118 0
0.1410052 1.477832 0.5090694 1

-0.2086273 -0.4398572 0.8734988 0
0.9663429 -0.2301742 0.1148963 0
0.1505187 0.8680701 0.4730735 0
-0.7612113 1.179429 0.29424 1

0.2487268 0.005194329 0.96856 0
-0.967564 0.04698698 0.2482189 0
-0.04422059 -0.9988822 0.01671266 0
0.1654928 1.395863 0.5853245 1

-0.02953851 -0.9970866 -0.07032605 0
0.9976317 -0.02503598 -0.06406576 0
0.06211845 -0.07205189 0.9954646 0
-0.2776381 1.064677 -0.01013106 1

-0.03662238 -0.9967654 -0.07153667 0
0.9989443 -0.03452766 -0.03030224 0
0.02773425 -0.07257087 0.9969776 0
-0.2749784 1.154459 -0.003798609 1

0.9975222 -0.02852448 -0.06431143 0
0.0330807 0.9969324 0.07093181 0
0.06209087 -0.07288352 0.9954058 0
-0.2785774 1.036371 -0.01214501 1

-0.0560798 -0.9955555 -0.07565921 0
0.9984032 -0.05643304 0.00253779 0
-0.006796178 -0.07539607 0.9971305 0
-0.2716807 1.244212 0.002642855 1

0.1955298 0.9645178 -0.1774073 0
-0.9794499 0.1829364 -0.08492489 0
-0.0494573 0.190367 0.9804663 0
-0.4632786 1.007936 0.04328652 1

-0.1544221 0.816555 -0.55623 0
-0.9854087 -0.08650114 0.1465868 0
0.07158178 0.57075 0.8179978 0
-0.09021075 0.9972683 0.0192344 1

-0.06241433 -0.9950989 -0.07669944 0
0.9972011 -0.06534667 0.03633394 0
-0.0411679 -0.07421698 0.996392 0
-0.2671768 1.324168 0.008719317 1

0.1955298 0.9645178 -0.1774073 0
-0.9678298 0.1605721 -0.1937065 0
-0.1583467 0.2095755 0.9648856 0
-0.5042465 0.8058479 0.0804574 1

-0.1544221 0.816555 -0.55623 0
-0.9820271 -0.06501491 0.1771901 0
0.1085224 0.5735949 0.8119186 0
-0.05785576 0.8261814 0.1357773 1

-0.05788928 -0.995087 -0.08031634 0
0.9954528 -0.06363189 0.07088542 0
-0.0756478 -0.07584761 0.9942457 0
-0.2621641 1.404088 0.01487932 1

0.06815398 0.9084061 0.4124966 0
-0.9678298 0.1605721 -0.1937065 0
-0.2421996 -0.3860245 0.890126 0
-0.5452144 0.6037594 0.1176283 1

-0.01748676 0.966102 0.2575676 0
-0.9820271 -0.06501491 0.1771901 0
0.1879296 -0.2498398 0.949875 0
-0.02550077 0.6550946 0.2523201 1

-0.01158986 -0.8195331 -0.572915 0
0.9954528 -0.06363189 0.07088542 0
-0.09454861 -0.5694882 0.8165438 0
-0.2455973 1.740469 0.08419023 1

0.9604035 -0.2495517 -0.1238925 0
0.2615783 0.9607334 0.09256394 0
0.09592814 -0.1213063 0.9879689 0
-0.4194255 1.583604 0.01660862 1

0.9985722 -0.01620111 0.0509056 0
-0.01414459 -0.9990792 -0.04050882 0
0.05151499 0.03973093 -0.9978818 0
-0.0852585 1.562243 0.04040439 1

0.06815398 0.9084061 0.4124966 0
-0.9678298 0.1605721 -0.1937065 0
-0.2421996 -0.3860245 0.890126 0
-0.5637439 0.3567855 0.005480324 1

-0.01748676 0.966102 0.2575676 0
-0.9820271 -0.06501491 0.1771901 0
0.1879296 -0.2498398 0.949875 0
-0.02074656 0.3924346 0.1822937 1

-0.0463675 -0.9988387 -0.01309231 0
0.9938094 -0.04480143 -0.1016649 0
0.1009603 -0.0177252 0.9947326 0
-0.2446756 1.805646 0.1297544 1

0.6765187 0.6951028 0.2432169 0
-0.7315372 0.6723095 0.1133739 0
-0.08471052 -0.2546218 0.9633234 0
-0.5659678 1.621682 0.03551263 1

0.493514 -0.7997268 0.3418788 0
-0.8567869 -0.5146134 0.03301251 0
0.1495343 -0.3092093 -0.9391643 0
0.06710765 1.559771 0.04817177 1

0.1877881 0.4137571 -0.8908091 0
-0.9784849 -0.000103768 -0.206319 0
-0.08545836 0.9103873 0.4048355 0
-0.5822732 0.1098115 -0.1066676 1

-0.1361818 0.5217299 -0.8421712 0
-0.987168 9.364821E-05 0.1596862 0
0.08339211 0.8531107 0.5150223 0
-0.01599228 0.1297745 0.1122673 1

0.6765187 0.6951028 0.2432169 0
-0.7364079 0.6362693 0.2299234 0
0.005069006 -0.3346544 0.9423272 0
-0.6652951 1.519626 -0.000196795 1

0.493514 -0.7997268 0.3418788 0
-0.8618339 -0.5025383 0.06854415 0
0.1169904 -0.3284701 -0.9372413 0
0.1395661 1.442354 0.09836687 1

0.2063186 0.0003948398 -0.9784847 0
-0.9784849 -0.0001037829 -0.2063188 0
-0.0001830515 0.9999999 0.0003649741 0
-0.6168634 0.03359842 0.05741727 1

-0.1596862 0.0005232096 -0.9871677 0
-0.987168 9.364821E-05 0.1596862 0
0.0001761243 0.9999998 0.0005014837 0
0.009092063 0.03367305 0.2673932 1

0.08127145 0.573725 -0.8150058 0
-0.7302691 0.5907779 0.3430576 0
0.6783082 0.5672929 0.466987 0
-0.7646224 1.41757 -0.03590623 1

0.007017234 0.196539 0.9804711 0
-0.865673 -0.4896157 0.1043408 0
0.5005606 -0.8494993 0.1667027 0
0.2120243 1.324937 0.148562 1

0.08127145 0.573725 -0.8150058 0
-0.9055261 0.3841563 0.1801296 0
0.4164346 0.7233699 0.5507439 0
-0.7746423 1.346836 0.06457501 1

0.007017234 0.196539 0.9804711 0
-0.9729243 -0.2251756 0.05210038 0
0.2310176 -0.9542896 0.1896375 0
0.2128894 1.349168 0.2694432 1

0.1865921 0.3680784 -0.9108796 0
-0.9719088 0.204535 -0.116443 0
0.1434466 0.9070191 0.3959033 0
-0.7846622 1.276102 0.1650562 1

0.161026 0.4005883 0.9019979 0
-0.9861578 0.1019243 0.1307844 0
-0.03954513 -0.9105716 0.4114556 0
0.2137547 1.373399 0.3903245 1

-0.05793013 0.5736352 -0.8170599 0
-0.9935596 0.04670832 0.1032367 0
0.09738389 0.8177781 0.5672349 0
-0.8586901 1.234722 0.2425073 1

-0.4088272 0.4511231 -0.7933149 0
0.02143025 0.8737854 0.4858392 0
0.9123604 0.1816232 -0.3668948 0
-0.7784628 1.301484 0.2898079 1

0.7031159 0.006217552 -0.7110484 0
0.709895 -0.06372955 0.7014185 0
-0.04095401 -0.9979479 -0.04922324 0
0.2828122 1.39182 0.480229 1

0.9083299 -0.1314558 -0.3970595 0
-0.2017598 0.6938559 -0.6912721 0
0.3663739 0.7080138 0.6037275 0
0.2181131 1.483025 0.4552003 1

0.07314707 0.06591109 0.995141 0
-0.008673463 0.9978182 -0.06545077 0
-0.9972836 -0.003844036 0.0735591 0
0.1949608 1.434842 0.6403779 1

-0.9354073 0.2805851 -0.21514 0
-0.3190483 -0.4075853 0.8556182 0
0.1523859 0.8689916 0.4707785 0
-0.8546408 1.194625 0.2996198 1

-0.2346683 0.9630685 -0.1320238 0
0.3234429 0.2054365 0.9236777 0
0.9166875 0.1740558 -0.3597068 0
-0.7494349 1.269453 0.3461357 1

0.4253486 -0.03532046 -0.9043404 0
0.9038927 -0.0334932 0.4264465 0
-0.04535187 -0.9988145 0.01767945 0
0.2326859 1.391376 0.5309211 1

0.3842795 0.4673634 -0.7961792 0
-0.843347 0.528586 -0.09676071 0
0.375627 0.7086384 0.5972743 0
0.153619 1.492359 0.4833928 1

0.07314707 0.06591109 0.995141 0
-0.008673463 0.9978182 -0.06545077 0
-0.9972836 -0.003844036 0.0735591 0
0.1949608 1.434842 0.6403779 1

-0.9351602 -0.0273408 0.3531684 0
0.3197717 -0.494071 0.80848 0
0.1523859 0.8689916 0.4707785 0
-0.8024734 1.178977 0.3116181 1

-0.195177 0.980767 -0.001523599 0
0.3542393 0.07194375 0.9323835 0
0.9145604 0.1814402 -0.3614677 0
-0.7418773 1.238437 0.3503877 1

0.9946747 -0.04678908 -0.09183328 0
0.09255163 0.01342072 0.9956177 0
-0.04535187 -0.9988145 0.01767945 0
0.2089642 1.393346 0.5813556 1

0.2322752 0.5586577 -0.79621 0
-0.8987311 0.4362932 0.04394058 0
0.3719289 0.705372 0.6034232 0
0.141243 1.477307 0.5090343 1

-0.2060093 -0.4379497 0.8750773 0
0.9666122 -0.2303341 0.112283 0
0.1523859 0.8689916 0.4707785 0
-0.7617819 1.180167 0.2962508 1

0.2493195 0.0058209 0.9684041 0
-0.967359 0.04832647 0.24876 0
-0.04535187 -0.9988145 0.01767945 0
0.1656831 1.395382 0.5853516 1

-0.02954471 -0.9970795 -0.07042578 0
0.9976317 -0.02503598 -0.06406542 0
0.06211513 -0.07215177 0.9954576 0
-0.2779536 1.064052 -0.009889585 1

-0.03662857 -0.9967581 -0.07163638 0
0.9989442 -0.03453104 -0.03030284 0
0.02773092 -0.07267068 0.9969704 0
-0.2752933 1.153833 -0.003548154 1

0.9975222 -0.02852446 -0.06431144 0
0.0330869 0.9969252 0.07103154 0
0.06208755 -0.07298339 0.9953986 0
-0.278893 1.035746 -0.01190637 1

-0.05608597 -0.9955477 -0.07575886 0
0.9984028 -0.05643971 0.002534996 0
-0.006799523 -0.07549568 0.9971229 0
-0.2719951 1.243585 0.002902289 1

0.1957562 0.9640567 -0.1796512 0
-0.9794245 0.1830363 -0.08500348 0
-0.04906544 0.1925947 0.980051 0
-0.4635945 1.007307 0.0435218 1

-0.1548803 0.8153825 -0.5578206 0
-0.9853694 -0.08684538 0.146646 0
0.07112838 0.5723718 0.8169035 0
-0.09052673 0.9966388 0.01946968 1

-0.06242049 -0.9950909 -0.07679905 0
0.9972005 -0.0653567 0.03633025 0
-0.04117123 -0.07431629 0.9963846 0
-0.2674906 1.323541 0.008986753 1

0.1957562 0.9640567 -0.1796512 0
-0.9678483 0.1604231 -0.1937383 0
-0.1579545 0.2118005 0.964464 0
-0.5046099 0.805315 0.08116282 1

-0.1548803 0.8153825 -0.5578206 0
-0.9820049 -0.06529803 0.1772082 0
0.1080678 0.5752286 0.8108227 0
-0.05807576 0.8257976 0.1363458 1

-0.05781775 -0.9950003 -0.08143631 0
0.9954522 -0.06364542 0.07088266 0
-0.07571131 -0.07696766 0.9941548 0
-0.2624774 1.40346 0.01515476 1

0.06744421 0.9075277 0.414542 0
-0.9678483 0.1604231 -0.1937383 0
-0.2423249 -0.3881472 0.8891684 0
-0.5456252 0.6033231 0.1188038 1

-0.01745624 0.9656914 0.2591055 0
-0.9820049 -0.06529803 0.1772082 0
0.1880475 -0.2513496 0.9494535 0
-0.02562481 0.6549563 0.2532219 1

-0.01149601 -0.8188907 -0.5738344 0
0.9954522 -0.06364542 0.07088266 0
-0.09456708 -0.57041 0.815898 0
-0.2459378 1.739764 0.08484404 1

0.9599426 -0.2496094 -0.1273009 0
0.2621708 0.9604615 0.09370448 0
0.0988781 -0.1233255 0.9874279 0
-0.419751 1.582964 0.01707454 1

0.9985698 -0.01619204 0.05095628 0
-0.01407556 -0.9990342 -0.04163028 0
0.05158115 0.04085349 -0.9978331 0
-0.0855841 1.561598 0.04086939 1

0.06744421 0.9075277 0.414542 0
-0.9678483 0.1604231 -0.1937383 0
-0.2423249 -0.3881472 0.8891684 0
-0.5639617 0.3565879 0.006099775 1

-0.01745624 0.9656914 0.2591055 0
-0.9820049 -0.06529803 0.1772082 0
0.1880475 -0.2513496 0.9494535 0
-0.02087882 0.392408 0.1827773 1

-0.04794915 -0.9987589 -0.01349264 0
0.9937383 -0.04633458 -0.1016715 0
0.1009201 -0.01828318 0.9947266 0
-0.2450235 1.80489 0.1304814 1

0.6780146 0.6943178 0.2412864 0
-0.7302457 0.6737231 0.1133077 0
-0.08388866 -0.2530227 0.9638165 0
-0.5662228 1.62105 0.03649864 1

0.4940552 -0.8000875 0.3402493 0
-0.8566182 -0.5148889 0.03309536 0
0.1487112 -0.3078146 -0.939753 0
0.06678167 1.559128 0.04864451 1

0.187815 0.4139425 -0.8907173 0
-0.9784696 -0.0001581535 -0.2063918 0
-0.08557518 0.9103032 0.4050004 0
-0.5822982 0.1098529 -0.1066043 1

-0.1362055 0.5219562 -0.8420274 0
-0.9871551 0.0001348238 0.1597648 0
0.08350375 0.8529724 0.5152333 0
-0.01613289 0.1298596 0.1123328 1

0.6780146 0.6943178 0.2412864 0
-0.735035 0.6384514 0.228262 0
0.004436706 -0.3321189 0.9432272 0
-0.6657698 1.519109 0.001072648 1

0.4940552 -0.8000875 0.3402493 0
-0.8616553 -0.5028067 0.06882057 0
0.116017 -0.3271787 -0.9378138 0
0.1393195 1.441658 0.09860034 1

0.2063915 0.00059852 -0.9784694 0
-0.9784696 -0.0001582131 -0.2063916 0
-0.0002783146 1 0.0005529746 0
-0.6168933 0.03360569 0.05746377 1

-0.1597646 0.0007884428 -0.9871548 0
-0.9871551 0.0001348238 0.1597648 0
0.0002590455 0.9999998 0.0007566735 0
0.008955836 0.03371656 0.2674322 1

0.08298339 0.5697685 -0.8176047 0
-0.7291319 0.5939828 0.3399279 0
0.6793234 0.5679337 0.4647272 0
-0.7653168 1.417169 -0.03435332 1

0.00794659 0.1961532 0.9805412 0
-0.8654872 -0.4898041 0.1049973 0
0.5008683 -0.84948 0.1658758 0
0.2118573 1.324188 0.1485562 1

0.08298339 0.5697685 -0.8176047 0
-0.9047625 0.3870009 0.1778618 0
0.4177539 0.724979 0.5476199 0
-0.7755479 1.346923 0.0664483 1

0.00794659 0.1961532 0.9805412 0
-0.9729747 -0.2247833 0.05285215 0
0.2307761 -0.9544616 0.1890658 0
0.212837 1.348371 0.2694461 1

0.18358 0.365571 -0.9125 0
-0.9721936 0.2048167 -0.1135345 0
0.1453903 0.9079694 0.3930061 0
-0.7857788 1.276676 0.16725 1

0.1621873 0.4013312 0.9014596 0
-0.9859328 0.1033075 0.1313927 0
-0.04039587 -0.9100885 0.4124407 0
0.2138168 1.372555 0.390336 1

-0.0604854 0.5715215 -0.8183548 0
-0.9931593 0.04758077 0.1066348 0
0.09988214 0.8192067 0.564734 0
-0.8595561 1.235545 0.2450715 1

-0.4113691 0.4492846 -0.7930439 0
0.02367394 0.875046 0.4834611 0
0.9111615 0.1801064 -0.3706029 0
-0.7791219 1.302382 0.2919118 1

0.7026063 0.004582774 -0.7115642 0
0.7103237 -0.06389016 0.7009698 0
-0.04225 -0.9979465 -0.04814486 0
0.2829629 1.390982 0.480171 1

0.9078748 -0.1330201 -0.3975801 0
-0.2013859 0.6933842 -0.6918543 0
0.3677063 0.7081839 0.6027175 0
0.2183608 1.482243 0.4550935 1

0.07395358 0.06686319 0.9950179 0
-0.00746097 0.9977592 -0.0664929 0
-0.997234 -0.002506811 0.07428672 0
0.1952823 1.434284 0.6403383 1

-0.935997 0.280585 -0.21256 0
-0.3162548 -0.4051426 0.8578126 0
0.1545724 0.8701332 0.4679486 0
-0.8553281 1.195596 0.3022746 1

-0.234561 0.9628602 -0.133723 0
0.3268389 0.2076669 0.9219821 0
0.9155096 0.1725552 -0.3634104 0
-0.7499135 1.270482 0.3482203 1

0.4246462 -0.03680718 -0.9046112 0
0.9041594 -0.0341876 0.4258254 0
-0.04660026 -0.9987378 0.01876184 0
0.2328728 1.390655 0.5308997 1

0.3842905 0.4660416 -0.7969486 0
-0.8427488 0.5295495 -0.09670417 0
0.3769557 0.70879 0.5962566 0
0.153899 1.491688 0.4833228 1

0.07395358 0.06686319 0.9950179 0
-0.00746097 0.9977592 -0.0664929 0
-0.997234 -0.002506811 0.07428672 0
0.1952823 1.434284 0.6403383 1

-0.9339182 -0.02584669 0.3565516 0
0.3223422 -0.4921386 0.8086377 0
0.1545724 0.8701332 0.4679486 0
-0.8031281 1.179948 0.314129 1

-0.1945966 0.9808778 -0.003410578 0
0.3575863 0.07417879 0.9309294 0
0.9133808 0.1799363 -0.3651831 0
-0.7423593 1.239472 0.352527 1

0.994548 -0.04814221 -0.0925057 0
0.09329218 0.01434883 0.9955356 0
-0.04660026 -0.9987378 0.01876184 0
0.2091904 1.392708 0.5813496 1

0.2324017 0.5575279 -0.796965 0
-0.8981472 0.4374744 0.04413421 0
0.3732579 0.7055349 0.6024117 0
0.1415227 1.476679 0.5089891 1

-0.2031656 -0.4355242 0.8769506 0
0.9668668 -0.2306233 0.1094611 0
0.1545724 0.8701332 0.4679486 0
-0.7624905 1.181072 0.2986144 1

0.2500306 0.006522469 0.9682164 0
-0.9671163 0.04980983 0.2494109 0
-0.04660026 -0.9987378 0.01876184 0
0.1659149 1.394803 0.5853748 1

-0.02955127 -0.997072 -0.07053041 0
0.9976318 -0.0250361 -0.06406505 0
0.06211167 -0.07225655 0.9954502 0
-0.2783028 1.063342 -0.009622271 1

-0.03663513 -0.9967504 -0.07174099 0
0.9989441 -0.03453471 -0.03030347 0
0.02772745 -0.07277539 0.9969628 0
-0.2756419 1.153123 -0.003271419 1

0.9975222 -0.02852455 -0.06431144 0
0.03309345 0.9969176 0.07113615 0
0.06208408 -0.07308816 0.9953912 0
-0.2792424 1.035037 -0.01164203 1

-0.0560925 -0.9955394 -0.07586341 0
0.9984025 -0.05644681 0.002532072 0
-0.006803018 -0.07560015 0.997115 0
-0.2723431 1.242874 0.003188443 1

0.1960155 0.9635227 -0.1822143 0
-0.9793949 0.1831522 -0.08509423 0
-0.04861727 0.1951396 0.9795697 0
-0.4639443 1.006593 0.04378261 1

-0.1553998 0.8140366 -0.5596389 0
-0.985325 -0.08723439 0.1467148 0
0.07061148 0.5742255 0.8156465 0
-0.09087645 0.9959249 0.01973049 1

-0.06242702 -0.9950825 -0.07690357 0
0.9972001 -0.06536734 0.03632639 0
-0.04117472 -0.07442047 0.9963766 0
-0.2678381 1.322829 0.009281307 1

